11111111110000111100001111000011
11000011110000111100001111111111

00000011000000110000001100000011
00000011000000110000001100000011

11111111000000110000001111111111
11000000110000001100000011111111

11111111000000110000001111111111
00000011000000110000001111111111

11000011110000111100001111111111
00000011000000110000001100000011

11111111110000001100000011111111
00000011000000110000001111111111

11111111110000001100000011111111
11000011110000111100001111111111

11111111000000110000001100000011
00000011000000110000001100000011

11111111110000111100001111111111
11000011110000111100001111111111

11111111110000111100001111111111
00000011000000110000001111111111

00011000001111000110011001100110
11000011111111111100001111000011

11111110110000111100011011111100
11000010110000111100001111111110

01111111110000111100000011000000
11000000110000001100001101111111

11111100110000111100001111000011
11000011110000111100001111111100

11111111110000001100000011111111
11000000110000001100000011111111

11111111110000001100000011111100
11000000110000001100000011000000

00011000000110000001100011111111
11111111000110000001100000011000
